
Success rate: 0.14
Average return: 468.84

Reward >= 0: 50/50 = 100.0%
Reward >= 1: 42/50 = 84.0%
Reward >= 2: 40/50 = 80.0%
Reward >= 3: 34/50 = 68.0%
Reward >= 4: 7/50 = 14.000000000000002%
[723, 266, 537, 706, 693, 602, 386, 315, 544, 0, 783, 508, 807, 572, 0, 851, 533, 583, 62, 0, 848, 447, 237, 748, 646, 581, 667, 44, 516, 595, 420, 567, 255, 0, 531, 0, 0, 667, 0, 846, 594, 56, 908, 720, 946, 595, 145, 0, 486, 906]

[3, 3, 2, 3, 3, 3, 3, 3, 2, 0, 3, 3, 4, 3, 0, 4, 3, 3, 1, 0, 4, 3, 3, 3, 3, 3, 3, 1, 3, 3, 3, 2, 3, 0, 2, 0, 0, 3, 0, 4, 3, 2, 4, 3, 4, 3, 2, 0, 3, 4]